0.999128 38.9005 0.0050425
0.996477 18.7357 0.00504251
0.995019 34.1517 0.00504338
0.976987 19.4489 0.00504484
0.982134 14.7057 0.00504519
0.999632 85.8837 0.00504658
0.997202 43.8791 0.00504963
0.992603 30.7292 0.00505053
0.958481 17.5079 0.00505061
0.979972 20.4951 0.00505072
0.956102 18.2627 0.00505149
0.933033 17.6055 0.00505225
0.989856 28.3179 0.00505242
0.992937 12.963 0.00505319
0.989023 22.9311 0.00505412
0.996304 30.5628 0.00505545
0.998825 50.0182 0.00505621
0.988592 24.8963 0.00505623
0.999744 111.649 0.00505719
0.998154 31.7791 0.00505767
0.980356 28.5994 0.00505834
0.989916 27.6485 0.00505865
0.997036 25.9017 0.00505962
0.982542 33.4006 0.00505996
0.979205 17.4075 0.00506137
0.999745 72.5065 0.0050621
0.998638 28.6482 0.00506248
0.978943 14.948 0.00506268
0.981008 14.2291 0.00506359
0.996201 23.6221 0.00506441
0.992827 34.7039 0.00506453
0.976227 14.6839 0.00506645
0.996396 32.5052 0.00506683
0.989536 23.9814 0.00506732
0.99359 31.0916 0.00506739
0.658079 31.3921 0.00506835
0.547354 22.3483 0.00506851
0.537875 13.4018 0.00506914
0.9979 34.9149 0.00507155
0.97396 13.3498 0.00507305
0.99668 39.3475 0.00507332
0.997182 30.0239 0.00507504
0.981712 9.5499 0.00507655
0.981234 19.5419 0.00507734
0.971102 15.2556 0.00507742
0.967564 11.9941 0.00507811
0.986359 18.9902 0.00507869
0.95456 11.5022 0.00507889
0.999332 51.9727 0.00508155
0.995303 29.7166 0.00508193
0.979978 9.87469 0.00508298
0.998394 27.77 0.00508354
0.982334 8.52533 0.00508369
0.99851 43.3376 0.00508375
0.994059 29.213 0.00508583
0.989093 24.2275 0.00508586
0.884105 7.13171 0.0050874
0.999912 105.42 0.00508804
0.997151 28.9764 0.0050897
0.988776 20.4588 0.00508993
0.999215 31.4806 0.00509032
0.988028 10.6049 0.00509068
0.996537 23.2546 0.00509113
0.951337 6.38579 0.00509141
0.970645 19.5289 0.00509225
0.950744 9.33938 0.0050927
0.992395 20.5568 0.00509392
0.984339 20.3031 0.00509432
0.999517 96.3007 0.00509472
0.997353 18.0022 0.00509671
0.98937 11.8425 0.00509693
0.990765 15.989 0.00509999
0.359915 9.07645 0.0051003
0.31241 13.932 0.00510041
0.993252 16.5592 0.00510141
0.970856 9.00681 0.00510218
0.994753 16.3182 0.00510284
0.981995 15.3289 0.00510344
0.999072 45.7934 0.00510445
0.453035 4.83986 0.00510529
0.763735 9.74091 0.00510701
0.3535 4.86032 0.00510726
0.993503 32.0019 0.00510796
0.997128 40.7783 0.00510808
0.995707 12.2899 0.00510851
0.992178 20.4354 0.00510857
0.999652 100.818 0.00511085
0.999899 228.46 0.00511252
0.996573 26.0154 0.00511398
0.998434 61.9117 0.00511438
0.986998 17.213 0.00511452
0.976238 16.775 0.0051146
0.994049 22.8314 0.00511471
0.99441 24.2185 0.00511524
0.994384 32.5053 0.00511637
0.954173 8.84799 0.00511707
0.99864 17.8643 0.00511811
0.990051 12.8217 0.00511847
0.979235 9.52549 0.00511912
0.963644 9.94314 0.00511944
0.996585 16.0959 0.00512005
0.928569 8.38935 0.00512132
0.998588 57.4655 0.00512228
0.998667 76.1938 0.00512349
0.995188 32.6177 0.00512492
0.949176 13.0358 0.00512518
0.992351 28.9491 0.00512656
0.995165 27.7706 0.00512761
0.986448 14.0845 0.00512806
0.985478 18.3012 0.00512852
0.985067 16.5066 0.00512928
0.998123 21.9406 0.00512942
0.996559 26.0515 0.00513122
0.999308 122.928 0.00513144
0.991991 13.6154 0.00513156
0.990976 15.2457 0.00513325
0.995865 22.6989 0.00513415
0.995907 14.9862 0.00513458
0.999887 189.837 0.005135
0.989582 20.6979 0.00513548
0.97589 15.8596 0.00513614
0.976654 7.87175 0.00513668
0.99914 22.2007 0.00513794
0.909803 15.2103 0.00513821
0.484932 11.0528 0.00513826
0.979259 14.776 0.00513922
0.99463 27.5653 0.00514034
0.517269 6.48551 0.00514107
0.999918 373.611 0.00514483
0.999111 153.032 0.00514515
0.957375 10.5472 0.00514685
0.998764 94.4827 0.00514707
0.978765 10.0956 0.00514717
0.996122 30.9296 0.00514724
0.966459 11.2124 0.00514733
0.977041 22.7871 0.0051476
0.924668 12.5818 0.00514772
0.997442 40.9818 0.00514849
0.999314 70.1267 0.00514931
0.97679 14.4096 0.00514952
0.994781 24.9754 0.00515179
0.980957 17.0528 0.00515325
0.992931 20.8252 0.00515365
0.999358 75.0318 0.00515499
0.997434 29.2649 0.00515679
0.998124 20.7886 0.00515798
0.988629 18.6356 0.00516007
0.999477 110.772 0.00516094
0.973515 15.2765 0.00516168
0.99986 108.211 0.00516198
0.990108 25.8549 0.00516386
0.998437 30.4376 0.005164
0.976497 8.31328 0.00516434
0.997513 39.3181 0.00516822
0.994229 23.118 0.00516845
0.976518 12.9166 0.00516949
0.999369 90.0658 0.00516949
0.3894 16.595 0.00517074
0.392403 14.6126 0.00517087
0.555422 15.4307 0.0051709
0.978639 13.1567 0.00517124
0.998775 62.9907 0.00517135
0.998023 25.8634 0.00517183
0.998324 40.0298 0.00517194
0.873449 8.91938 0.00517206
0.995647 22.9111 0.00517285
0.954083 10.0883 0.00517317
0.968239 9.80634 0.00517346
0.996162 23.4206 0.00517382
0.98743 13.3112 0.00517409
0.995872 26.1867 0.00517432
0.994134 31.4556 0.00517591
0.979641 21.602 0.00517659
0.995396 14.6164 0.00517937
0.977434 9.02651 0.00517939
0.992314 20.0337 0.00517968
0.972072 10.6826 0.00518138
0.989622 24.1496 0.00518226
0.975097 11.7066 0.00518306
0.996269 12.7428 0.0051839
0.978815 14.3895 0.00518431
0.999759 150.912 0.00518475
0.996975 38.1148 0.0051848
0.997352 61.1361 0.00518708
0.989625 28.8174 0.00518711
0.99966 44.8902 0.00518801
0.993766 26.1171 0.00518827
0.987526 19.8321 0.00518829
0.952492 9.97195 0.00519099
0.998989 54.9072 0.0051922
0.986784 7.74957 0.00519268
0.981274 14.7664 0.00519312
0.997566 38.9304 0.0051933
0.966661 14.6208 0.00519518
0.986325 15.7304 0.00519763
0.994008 24.2263 0.00519805
0.999693 97.0258 0.00519833
0.992087 19.7768 0.00519864
0.988217 17.2137 0.00519867
0.992966 21.5072 0.0052005
0.998329 46.7821 0.00520168
0.987359 26.7322 0.00520169
0.993822 10.7745 0.00520181
0.983781 12.0079 0.0052021
0.761398 8.70694 0.00520238
0.993928 22.7659 0.00520382
0.992395 32.2301 0.00520394
0.973117 13.5547 0.0052043
0.977586 11.0139 0.00520431
0.998536 59.3035 0.00520472
0.761694 8.02368 0.00520574
0.990115 36.6047 0.00520576
0.934961 7.94166 0.00520604
0.99909 59.7866 0.00520711
0.999873 156.52 0.00520768
0.991818 34.7774 0.00520788
0.974892 13.6025 0.00520861
0.998359 13.1967 0.0052115
0.885328 10.5571 0.00521204
0.98696 17.9319 0.00521237
0.993212 20.2511 0.00521329
0.999407 75.1898 0.00521351
0.999116 39.4106 0.00521488
0.818208 12.7095 0.00521532
0.96121 9.60723 0.00521593
0.976494 13.0775 0.00521877
0.999436 67.764 0.00521951
0.99751 38.7741 0.00522137
0.992727 21.0426 0.00522158
0.951872 10.9086 0.00522267
0.989499 15.532 0.0052227
0.974095 14.3333 0.00522304
0.980191 11.3359 0.00522345
0.986101 17.4142 0.00522402
0.968575 10.7112 0.0052246
0.987596 20.0695 0.00522514
0.993606 35.336 0.00522774
0.998315 31.4027 0.00522929
0.990534 18.194 0.00522999
0.998081 25.033 0.00523267
0.983543 20.2953 0.005233
0.999886 149.289 0.0052375
0.999012 68.985 0.00523779
0.986976 24.7804 0.00523811
0.99843 49.3207 0.00523901
0.970659 13.6571 0.00524086
0.962831 10.4072 0.00524341
0.991728 17.5495 0.00524432
0.749835 8.32036 0.00525038
0.996419 23.9288 0.00525124
0.99277 11.8499 0.00525183
0.981367 16.018 0.00525265
0.992003 23.9219 0.00525317
0.995467 23.6651 0.00525416
0.99923 59.395 0.0052545
0.999592 46.906 0.00525468
0.999828 142.732 0.00525522
0.946114 9.77461 0.00525557
0.997401 22.3774 0.00525594
0.998049 66.9003 0.00525628
0.980245 14.0887 0.00525764
0.999859 115.378 0.0052578
0.999157 27.0156 0.00525989
0.952686 15.7604 0.0052599
0.99203 21.8555 0.00526002
0.988288 10.5039 0.0052605
0.998246 44.7501 0.00526215
0.995106 31.5238 0.00526216
0.980654 14.8615 0.00526274
0.997448 33.4811 0.0052631
0.97132 12.3929 0.00526329
0.998237 21.9591 0.00526493
0.995332 12.2145 0.00526535
0.989179 18.5193 0.0052655
0.995193 24.029 0.00526591
0.997962 39.743 0.00526781
0.999698 69.757 0.00526888
0.548132 7.89995 0.0052694
0.443987 5.81445 0.00526942
0.993305 19.557 0.00526982
0.993329 14.5686 0.00527035
0.99729 19.0021 0.00527076
0.99695 35.5992 0.00527109
0.995865 18.8126 0.00527226
0.977178 15.9638 0.00527381
0.348645 5.5287 0.00527799
0.750284 25.9383 0.005278
0.999907 83.3797 0.00527902
0.999148 81.3963 0.00527978
0.990176 12.5261 0.00528366
0.99956 97.689 0.00528545
0.989156 32.8145 0.00528555
0.953915 11.252 0.0052861
0.991089 11.7735 0.00528644
0.995223 21.0257 0.00529315
0.981782 12.8831 0.00529418
0.989917 19.41 0.00529633
0.999865 107.884 0.00529645
0.998373 36.2967 0.00529699
0.991557 19.4444 0.00529891
0.988424 13.3672 0.00529966
0.99478 28.3486 0.00530127
0.983434 33.379 0.00530134
0.999837 89.8371 0.0053023
0.998865 46.0085 0.00530255
0.985698 15.4567 0.00530427
0.927967 11.1644 0.00530458
0.961643 13.4961 0.00530572
0.997058 56.6451 0.00530766
0.999301 36.3589 0.00530812
0.997541 35.8626 0.00530839
0.997702 38.8129 0.00530885
0.98445 15.5386 0.00531108
0.975027 11.4255 0.00531286
0.999042 60.2357 0.00531426
0.972186 11.507 0.00531466
0.980072 17.5003 0.00531619
0.988794 21.6462 0.00531622
0.682423 7.34271 0.00531649
0.927438 14.5302 0.00531663
0.978844 12.1534 0.00531773
0.952296 13.8499 0.00531785
0.993496 20.3356 0.00531843
0.9996 55.4369 0.00531942
0.986197 17.0896 0.00531958
0.996589 44.9564 0.00531971
0.99661 20.8375 0.00532147
0.998161 18.0273 0.00532445
0.967102 12.463 0.00532569
0.972244 17.3147 0.00532709
0.9487 13.2523 0.00532734
0.993993 17.6707 0.00532859
0.330972 16.1748 0.00533008
0.848947 65.6306 0.00533014
0.873203 29.4979 0.00533021
0.254292 21.3409 0.00533023
0.211647 23.3465 0.00533025
0.349473 31.9244 0.00533028
0.492647 5.37959 0.00533033
0.367914 12.5331 0.00533036
0.263516 6.92802 0.00533078
0.984565 10.5914 0.00533118
0.999948 224.115 0.00533477
0.978538 15.4948 0.00533493
-inf 5.2773 0.00533655
0.993868 27.0609 0.00533763
0.994145 19.8446 0.00533792
0.999691 85.9424 0.00533929
0.990076 19.6271 0.00533971
0.996402 50.9428 0.00534085
0.984554 23.4445 0.00534105
0.994367 21.1714 0.00534128
0.988576 14.3104 0.00534224
0.984355 13.536 0.00534327
0.996344 31.5141 0.00534433
0.992866 26.4248 0.00534537
0.995556 28.3583 0.00534642
0.995276 12.666 0.00534667
0.992651 24.0855 0.00534734
0.98737 19.2904 0.00534763
0.997584 44.7925 0.00534794
0.948959 6.15909 0.00535098
0.98818 25.7514 0.0053514
0.999324 62.2642 0.00535192
0.974976 15.0996 0.00535231
0.988581 22.0633 0.0053535
0.959869 8.42143 0.00535422
0.990226 19.5414 0.00535553
0.997213 35.508 0.00535699
0.992428 36.3068 0.00535716
0.959615 10.7509 0.00535809
0.974826 11.3413 0.00535955
0.970559 11.3893 0.00536033
0.989585 23.1465 0.00536038
0.995682 21.5119 0.00536171
0.991295 18.7631 0.00536333
0.993477 30.8268 0.00536444
0.987259 17.452 0.00536564
0.991337 22.1768 0.00536651
0.996281 30.5293 0.00536695
0.979361 12.9473 0.00536757
0.994877 25.2913 0.00536851
0.995574 26.5624 0.0053696
0.99858 65.3001 0.0053713
0.993278 28.0065 0.0053716
0.996211 25.867 0.00537174
0.99835 49.0588 0.00537275
0.998855 92.0195 0.00537316
0.998673 63.8683 0.00537474
0.983492 16.562 0.00537489
0.991269 20.1841 0.00537529
0.323412 19.5459 0.00537822
0.355903 8.44955 0.00537829
0.708899 36.0452 0.00537832
0.995305 17.9872 0.00537932
0.952004 14.1219 0.00538123
0.976757 24.0046 0.00538153
0.998065 28.5554 0.00538173
0.993218 25.923 0.00538332
0.995426 21.9995 0.00538429
0.983881 16.5032 0.00538463
0.998369 52.7258 0.00538603
0.999175 28.701 0.00538651
0.998965 63.0483 0.00538778
0.956644 13.7751 0.00538801
0.978898 15.8345 0.00538898
0.969489 14.9133 0.00539083
0.99494 39.6166 0.00539172
0.963656 12.8018 0.00539197
0.997421 42.1808 0.00539293
0.989186 17.5857 0.00539317
0.987212 20.8334 0.00539481
0.997874 94.2689 0.00539552
0.974333 29.0683 0.00539834
0.994374 22.3357 0.00539877
0.983112 18.0806 0.00539981
0.988428 13.8266 0.00540102
0.988525 21.2097 0.00540126
0.991033 26.3237 0.0054015
0.972037 10.4949 0.00540288
0.834483 8.12758 0.00540515
0.979754 22.9012 0.00540516
0.99949 87.9755 0.00540534
0.979272 15.7022 0.00540751
0.997541 27.2054 0.00540774
0.994565 19.463 0.00540863
0.994143 32.6428 0.00540941
0.824702 6.31883 0.00540956
0.999834 78.9447 0.00540992
0.999328 67.5593 0.00541038
0.991693 16.3957 0.00541101
0.971727 11.2186 0.00541129
0.971691 11.4643 0.0054142
0.99806 29.8489 0.00541614
0.994939 20.9228 0.00541832
0.993634 15.5791 0.00541979
0.995949 35.8489 0.00542034
0.983834 8.79963 0.00542199
0.992606 17.5987 0.00542221
0.991459 25.6406 0.00542226
0.973129 20.1904 0.00542434
0.986808 17.5672 0.0054244
0.989337 17.082 0.00542662
0.997282 38.4274 0.00542739
0.998957 85.0704 0.00542806
0.989843 20.4269 0.00542924
0.999565 104.868 0.00543015
0.995295 26.2905 0.00543032
0.993751 31.3972 0.00543094
0.995578 20.8673 0.00543126
0.994494 21.1064 0.00543154
0.990354 21.7827 0.00543245
0.978673 14.4114 0.00543266
0.978352 15.4806 0.00543301
0.999484 85.1078 0.00543339
0.995658 25.5396 0.00543384
0.827812 20.0249 0.00543523
0.972673 6.5863 0.00543602
0.982303 14.6497 0.00543665
0.939756 12.4856 0.00543713
0.944626 11.4494 0.00543753
0.98799 14.2403 0.00543762
0.986659 19.9966 0.00543802
0.989402 28.2281 0.00543836
0.967231 10.7759 0.00543894
0.991553 30.2917 0.00544084
0.990294 28.3618 0.00544096
0.959256 11.5539 0.00544124
0.998259 68.0103 0.00544291
0.789026 8.98826 0.00544461
0.992871 25.5844 0.0054454
0.897306 8.4649 0.00544569
0.993501 17.9212 0.00544573
0.929527 8.32397 0.00544744
0.962622 12.0893 0.0054476
0.814337 13.9412 0.00544822
0.153477 4.80718 0.00544835
0.997612 18.8621 0.00544857
0.995874 22.4238 0.00544932
0.993571 23.8822 0.00544965
0.994436 18.7594 0.00545103
0.992553 22.4663 0.00545212
0.978152 14.513 0.00545374
0.998184 54.2618 0.00545463
0.982593 16.9811 0.00545533
0.998799 42.9534 0.00545546
0.993502 38.2574 0.00545628
0.993684 17.7486 0.00545928
0.997057 41.5036 0.00546032
0.996805 20.8763 0.00546144
0.998172 58.4806 0.00546162
0.996355 18.4734 0.00546268
0.998284 36.1741 0.00546286
0.99724 36.9697 0.00546458
0.993426 16.3539 0.00546458
0.996799 36.8791 0.00546527
0.988556 25.1438 0.00546586
0.99311 16.0881 0.00546729
0.967083 13.4531 0.00546867
0.997259 54.7332 0.00546958
0.987998 14.6732 0.00547009
0.962103 15.6301 0.00547181
0.995536 15.2701 0.0054724
0.999717 59.1656 0.00547331
0.989516 17.8108 0.00547352
0.982926 19.3284 0.00547401
0.982086 21.2627 0.00547447
0.989449 22.4536 0.00547523
0.986607 20.4789 0.00547715
0.982508 18.3707 0.00547716
0.998851 63.4529 0.00547803
0.994893 30.4083 0.00547822
0.993111 25.7148 0.00548161
0.991693 26.9726 0.0054818
0.939129 10.6297 0.00548235
0.995959 28.1599 0.00548279
0.999611 100.516 0.00548343
0.998481 62.1343 0.00548502
0.991533 22.3363 0.00548659
0.997667 55.4222 0.00548668
0.997815 38.8059 0.00548668
0.992426 36.0225 0.005488
0.997596 30.9412 0.00548894
0.994531 24.1081 0.0054899
0.983146 11.8262 0.00549105
0.990175 17.8 0.00549249
0.99484 21.103 0.00549377
0.965735 10.0885 0.00549432
0.990346 16.0119 0.00549464
0.998842 145.24 0.00550003
0.995335 21.2037 0.00550102
0.998133 28.4493 0.00550306
0.999636 96.9882 0.00550355
0.575959 8.34504 0.00550415
0.305862 5.47383 0.00550459
0.994154 23.2729 0.00550472
0.998308 48.5534 0.00550474
0.997481 38.6332 0.00550506
0.970487 14.5176 0.00550625
0.984886 14.3919 0.0055081
0.997926 13.6279 0.00550867
0.99955 55.837 0.00551055
0.981862 13.1806 0.0055109
0.929155 11.4718 0.00551174
0.994145 21.0142 0.00551207
0.993772 34.0745 0.00551367
0.999669 184.524 0.00551392
0.998706 78.7178 0.00551615
0.989073 18.1968 0.00551637
0.993495 25.7731 0.00551776
0.997617 40.7694 0.00551827
0.963346 11.5437 0.00552211
0.987779 23.2599 0.00552289
0.969388 10.9782 0.00552302
0.999554 98.913 0.00552578
0.968588 12.4094 0.00552622
0.98644 11.9615 0.00552675
0.981184 12.5978 0.00552856
0.996407 47.4838 0.00552948
0.999864 116.958 0.00553054
0.984296 16.6067 0.00553087
0.985442 24.0337 0.00553123
0.993547 27.3949 0.00553169
0.648171 11.6681 0.00553286
0.124333 5.1296 0.00553299
0.995908 33.8744 0.00553331
0.966902 18.489 0.00553397
0.996799 30.9416 0.00553438
0.996788 23.9069 0.00553512
0.995234 29.8426 0.00553548
0.977606 13.7146 0.00553615
0.994289 27.0343 0.00553693
0.990457 27.4342 0.0055371
0.995992 23.1058 0.00554053
0.920604 8.98059 0.00554073
0.998176 65.0431 0.00554091
0.995232 14.7742 0.00554256
0.962632 13.1822 0.00554264
0.936483 8.99237 0.00554317
0.997231 27.1272 0.00554375
0.982973 11.9 0.00554542
0.994223 19.1982 0.00554592
0.999158 81.9436 0.00554702
0.362101 8.77488 0.00554814
0.499527 9.14506 0.00554816
0.806688 11.1062 0.00554829
0.99068 25.3863 0.0055491
0.999634 137.56 0.00554959
0.957818 12.6387 0.00555021
0.998865 55.6654 0.00555119
0.992127 25.24 0.00555365
0.966804 14.175 0.0055545
0.446466 8.70561 0.00555463
0.992006 16.8025 0.00555741
0.955713 10.5302 0.00555774
0.978763 26.1421 0.00555799
0.998197 66.7565 0.00555812
0.985694 13.0788 0.00555834
0.999173 64.6143 0.00556252
0.999679 104.621 0.00556326
0.995709 32.1563 0.00556366
0.999835 206.561 0.0055653
0.999989 558.181 0.00556566
0.980437 12.2507 0.00556852
0.988593 26.3951 0.00556994
0.991563 18.9482 0.0055702
0.978187 21.5264 0.00557029
0.991483 14.0932 0.00557054
0.996009 29.0527 0.00557444
0.995909 33.0433 0.00557522
0.946265 11.5916 0.00557882
0.966497 14.7307 0.00557948
0.988759 22.2821 0.00558044
0.983474 17.5823 0.005581
0.956774 37.5154 0.00558353
0.966527 12.4551 0.00558381
0.983037 15.4995 0.00558571
0.998419 35.5129 0.00558979
0.986958 21.7362 0.00559263
0.974969 17.6708 0.00559264
0.908581 10.9567 0.00559278
0.977449 18.2827 0.00559542
0.993635 25.8911 0.00559723
0.976281 13.6236 0.00559735
0.995351 15.6828 0.00559737
0.966371 13.5774 0.00559871
0.998654 67.3422 0.00559934
0.974151 12.6798 0.00559968
0.989536 21.2212 0.00560071
0.977205 17.993 0.00560157
0.963989 9.41248 0.00560325
0.983425 27.0827 0.00560504
0.974232 14.7516 0.00560552
0.994927 37.3802 0.00560683
0.992839 34.2409 0.00560722
0.98473 18.1159 0.00560787
0.995786 46.1472 0.0056109
0.999507 59.1589 0.00561173
0.99794 20.6405 0.00561302
0.999884 46.9503 0.00561342
0.990838 15.3765 0.00561525
0.990133 15.4749 0.00561728
0.997128 31.0863 0.00562174
0.999901 175.945 0.00562557
0.999646 201.657 0.00562569
0.959964 17.7063 0.00562899
0.987885 17.5574 0.00563021
0.998277 55.3333 0.00563085
0.992172 23.9218 0.00563463
0.997645 37.8789 0.00563533
0.99693 31.5516 0.00563575
0.990584 27.6884 0.00563655
0.996025 28.2596 0.00563662
0.983839 29.1591 0.00563705
0.994867 37.2211 0.0056371
0.999129 56.3 0.00563802
0.989647 22.9463 0.00564007
0.910081 11.9221 0.005641
0.538126 8.45465 0.00564112
0.942808 14.2292 0.00564162
0.986004 11.7451 0.00564191
0.999209 65.8663 0.00564344
0.961876 11.4404 0.00564369
0.609622 10.26 0.00564469
0.972766 11.589 0.0056451
0.268672 7.06307 0.00564517
0.999331 104.008 0.00564623
0.994764 30.8224 0.00564711
0.95529 12.5006 0.0056478
0.999775 122.839 0.00565155
0.993465 35.1468 0.00565408
0.995616 41.2373 0.005655
0.99124 17.2093 0.0056558
0.98412 10.2487 0.00565688
0.988113 24.322 0.0056572
0.984203 25.8938 0.0056591
0.98391 14.928 0.00565915
0.996757 22.3927 0.00565932
0.971528 15.3209 0.00566011
0.998872 83.7267 0.00566106
0.974709 15.3643 0.00566139
0.996775 21.6629 0.0056622
0.998204 44.3251 0.00566277
0.999815 176.936 0.00566345
0.989606 37.2625 0.00566534
0.982486 19.1397 0.0056678
0.0495506 12.2739 0.00566788
0.47832 14.0499 0.00566791
0.610746 16.0994 0.00566799
0.99268 18.5221 0.00567082
0.993848 26.9303 0.00567304
0.994706 31.1741 0.00567405
0.993492 24.323 0.00567473
0.995212 30.4961 0.00567529
0.99531 20.0831 0.00567694
0.991786 30.3523 0.00567969
0.977223 23.5471 0.00568063
0.993091 15.8937 0.00568128
0.958562 18.6244 0.00568149
0.997861 37.7128 0.00568153
0.990572 20.5761 0.00568172
0.999645 74.468 0.00568296
0.99698 17.0757 0.00568336
0.999735 149.151 0.00568352
0.991909 20.6477 0.00568353
0.995924 44.8117 0.00568412
0.997842 41.2186 0.00568456
0.999175 67.117 0.00568726
0.99011 25.0739 0.00568776
0.996244 33.479 0.00568863
0.990575 18.6574 0.00568881
0.978457 12.2996 0.00569093
0.847553 13.039 0.00569156
0.998808 85.9949 0.00569175
0.999462 69.6063 0.00569251
0.645303 20.0478 0.00569285
0.388094 9.68627 0.00569308
0.277778 13.9566 0.00569309
0.991445 22.407 0.00569492
0.978436 12.5421 0.00569536
0.998618 60.2284 0.00569556
0.996375 34.741 0.00569765
0.995289 24.449 0.00569772
0.998456 45.06 0.00569865
0.00173718 4.96851 0.00569919
0.995955 25.9829 0.0057001
0.998649 68.2114 0.0057002
0.994374 24.5291 0.00570059
0.990467 21.3351 0.00570073
0.992869 25.8132 0.00570166
0.987956 27.7641 0.00570505
0.999821 155.548 0.00570521
0.99412 24.0926 0.00570586
0.990028 29.3176 0.00570672
0.976357 15.5706 0.00570856
0.998385 52.4675 0.005709
0.995838 36.9535 0.00571066
0.967268 13.3789 0.00571079
0.994174 23.6565 0.00571422
0.979072 11.3041 0.00571443
0.999318 97.043 0.00571478
0.99286 24.2946 0.00571787
0.998514 38.0577 0.0057199
0.996516 29.4483 0.00572066
0.993317 19.8335 0.0057223
0.988685 30.1184 0.00572238
0.986306 19.6769 0.00572451
0.971332 15.14 0.00572705
0.999731 107.598 0.00572751
0.911614 14.5393 0.00572985
0.995599 32.9766 0.00573252
0.984669 13.809 0.00573296
0.998295 25.6852 0.00573537
0.998589 33.6602 0.00573705
0.996336 46.2546 0.00573793
0.989056 17.8921 0.0057381
0.982561 15.1088 0.00573901
0.99392 26.1207 0.0057446
0.971432 11.3232 0.00574685
0.998361 25.7762 0.00574728
0.985783 25.4206 0.00574789
0.977506 22.2183 0.00574868
0.934985 14.0024 0.00574878
0.992538 19.1082 0.00575001
0.996821 30.9177 0.00575039
0.941988 13.3374 0.0057505
0.999249 35.0481 0.00575099
0.979277 15.6221 0.00575146
0.99013 24.9381 0.00575169
0.981143 25.6875 0.00575293
0.998659 59.6542 0.005753
0.995714 35.7093 0.00575791
0.995916 19.3014 0.00576079
0.98724 17.4359 0.00576155
0.993131 34.4711 0.00576164
0.995086 33.3941 0.00576343
0.968948 11.7753 0.00576599
0.991479 28.295 0.00576669
0.997234 41.3329 0.0057699
0.997263 27.2699 0.00577459
0.999332 99.853 0.00577537
0.99696 31.9474 0.00577627
0.994227 37.6195 0.00577683
0.981374 13.1953 0.00577711
0.986887 18.5605 0.00577851
0.998839 47.8625 0.00577913
0.996215 31.7034 0.00577958
0.999572 101.197 0.00578061
0.982403 19.3932 0.00578155
0.995756 44.0295 0.00578162
0.925119 5.5979 0.00578516
0.933466 13.2338 0.00578518
0.981831 21.6919 0.00578527
0.998739 47.4319 0.00578534
0.996333 23.9299 0.0057856
0.931628 11.9783 0.00578607
0.996416 26.4738 0.00578701
0.989085 28.993 0.0057883
0.983561 26.0954 0.00578953
0.982263 21.8444 0.00578953
0.9865 14.4241 0.00578983
0.991946 38.2302 0.00579144
0.984218 22.5921 0.00579186
0.981617 23.5674 0.00579402
0.942407 8.76102 0.00579492
0.988085 17.0636 0.0057954
0.977544 11.5371 0.00579837
0.987577 31.8885 0.00580008
0.984948 21.0409 0.00580034
0.999486 56.4713 0.00580358
0.995571 32.5712 0.00580646
0.982059 19.4588 0.00580646
0.997351 28.3029 0.00580746
0.998448 48.9089 0.00580764
0.987489 30.884 0.00581363
0.974724 22.8103 0.00581419
0.999631 88.6453 0.00581447
0.978489 10.3481 0.00581481
0.998834 58.8505 0.00581632
0.966605 17.1264 0.00581637
0.979352 20.7576 0.00581706
0.999055 137.668 0.00581781
0.999122 47.2666 0.00582066
0.992442 26.8949 0.00582289
0.979682 17.1268 0.00582491
0.997689 40.5078 0.0058264
0.99757 37.6238 0.00583051
0.997386 26.7746 0.00583266
0.999748 30.4632 0.00583326
0.99416 22.6855 0.00583342
0.997101 34.8888 0.00583458
0.996774 55.4532 0.00583553
0.996349 23.8718 0.00583934
0.965779 11.6105 0.00583956
0.999031 71.3267 0.00583994
0.99139 28.0428 0.00584062
0.996573 40.3305 0.00584146
0.989129 12.644 0.00584342
0.998456 46.0726 0.00584363
0.939982 13.435 0.00584408
0.971152 13.5339 0.0058478
0.998479 55.8374 0.00584934
0.998353 82.7298 0.0058504
0.997485 33.6592 0.00585112
0.999707 75.4931 0.00585217
0.999604 104.492 0.00585709
0.996453 30.2213 0.00585838
0.999815 268.673 0.00586146
0.994402 36.4096 0.00586151
0.999439 94.6471 0.00586246
0.99418 34.5193 0.00586281
0.99448 27.4541 0.00586481
0.999934 219.103 0.00586569
0.97916 24.2962 0.00586584
0.995155 45.8762 0.00586619
0.997449 69.4041 0.00586731
0.999111 38.7854 0.00586958
0.999704 101.229 0.00587109
0.998109 41.417 0.00587113
0.118715 6.58591 0.00587599
0.671001 26.4165 0.00587604
0.385979 10.7558 0.00587612
0.423202 10.1087 0.00587626
0.980166 23.1968 0.00587873
0.986381 17.5194 0.00587893
0.999263 195.056 0.00587901
0.999498 76.4849 0.00588208
0.99511 30.7946 0.00588354
0.465607 6.31258 0.00588408
0.991446 34.907 0.00588695
0.997988 28.9351 0.00588751
0.999019 53.139 0.00588954
0.99469 27.2067 0.0058913
0.998304 143.255 0.0058917
0.940207 14.1398 0.00589339
0.998508 57.9913 0.0058937
0.989384 20.8864 0.00589448
0.988688 26.4239 0.00589667
0.999411 28.3629 0.00589862
0.962038 16.3476 0.00589896
0.94231 19.5282 0.00589911
0.975645 14.9853 0.00589922
0.973134 12.4549 0.00590033
0.980717 24.0987 0.00590095
0.998867 130.465 0.00590271
0.996488 36.5977 0.00590353
0.997243 38.2562 0.00590428
0.991471 33.8149 0.00590469
0.993276 26.4798 0.00590559
0.997322 39.6786 0.00590844
0.99638 19.1907 0.00590858
0.994168 30.6445 0.00590927
0.986307 20.8932 0.00591007
0.941008 11.8302 0.00591049
0.958562 13.4881 0.00591101
0.999967 189.216 0.0059126
0.993019 40.2185 0.00591266
0.995834 40.6082 0.00591294
0.993398 17.6824 0.00591434
0.996573 59.4452 0.00591517
0.999668 155.415 0.00591737
0.998691 36.318 0.00591748
0.9935 33.3356 0.00591763
0.99678 51.6061 0.00591865
0.984533 20.1038 0.00592157
0.997384 50.2941 0.00592461
0.934487 55.191 0.00592661
0.999964 289.562 0.00592756
0.994097 35.4771 0.00592766
0.99964 94.491 0.00592832
0.992541 37.5101 0.0059327
0.994272 24.4838 0.00593392
0.778823 12.4471 0.00593501
0.994166 28.8049 0.00593605
0.992883 24.8735 0.00593631
0.991564 20.7964 0.00593657
0.99927 75.0641 0.00593782
0.994048 26.6819 0.00593889
0.954882 13.1926 0.00594042
0.998635 44.6082 0.00594131
0.712695 8.83039 0.00594195
0.998738 65.013 0.00594226
0.998935 118.416 0.00594366
0.984358 17.8909 0.00594374
0.998961 42.1381 0.00594528
0.997031 38.9712 0.00594627
0.9871 20.5743 0.00594925
0.997265 21.1949 0.00595474
0.992317 17.3623 0.00595895
0.997727 27.9689 0.005961
0.98286 15.8125 0.00596487
0.939754 13.4268 0.00596542
0.994956 24.9191 0.00597102
0.984651 23.2793 0.00597159
0.979808 19.4827 0.00597241
0.9841 15.1408 0.00597374
0.935282 9.01614 0.00597433
0.991303 11.5413 0.00597549
0.984998 11.4342 0.00597596
0.996888 35.2621 0.00597694
0.962175 16.0156 0.00597712
0.978467 12.8041 0.00597716
0.993655 22.735 0.00598002
0.895149 9.51333 0.00598347
0.993079 13.06 0.00598465
0.996178 25.7805 0.00598692
0.998809 80.8699 0.00598757
0.99678 24.4556 0.00598809
0.994348 15.0194 0.00598861
0.9919 16.7026 0.00599111
0.998591 92.9712 0.00599205
0.997113 27.7409 0.00599259
0.819824 10.7601 0.0059928
0.938259 20.6209 0.00599291
0.991721 24.6479 0.00599523
0.997293 45.3687 0.0059959
0.999536 80.7609 0.00599874
0.999371 71.7696 0.00599916
0.999799 145.737 0.00599987
0.997086 22.9909 0.0060007
0.997257 28.1514 0.00600076
0.993073 24.1201 0.00600104
0.980478 12.4515 0.00600404
0.999633 78.0223 0.00600657
0.9961 32.0388 0.00600753
0.999061 34.7827 0.00600779
0.996781 24.7272 0.00600804
0.986595 13.4014 0.00600891
0.996685 20.436 0.0060091
0.982836 12.3124 0.00601261
0.997743 42.1821 0.00601321
0.984453 12.296 0.00601464
0.992672 23.0303 0.0060158
0.998687 32.4722 0.00601641
0.997359 33.8828 0.00602179
0.997925 36.2862 0.00602298
0.999571 161.048 0.00602512
0.979601 15.1655 0.00602571
0.983016 10.037 0.00602599
0.959567 7.747 0.00602839
0.999453 33.0817 0.00603044
0.999322 57.3643 0.00603076
0.99697 24.8455 0.00603242
0.997691 21.665 0.00603446
0.993862 34.376 0.0060433
0.995118 19.1847 0.00604429
0.99686 23.1415 0.00604885
0.997869 35.8594 0.00604973
0.996416 38.7883 0.00605138
0.994051 18.1767 0.00605406
0.998186 34.0081 0.00605494
0.953225 9.09578 0.00605517
0.998466 33.5417 0.00605671
0.989412 21.883 0.0060568
0.995304 20.0588 0.00606056
0.982977 11.8889 0.00606209
0.997053 25.5129 0.00606231
0.0165067 4.20703 0.00606241
0.999049 74.0658 0.0060628
0.996654 27.9868 0.00606351
0.971873 13.9652 0.00606437
0.994061 25.2626 0.00606462
0.997474 36.1226 0.00606468
0.998027 34.9369 0.00606788
0.99856 43.3952 0.00606966
0.996192 32.0343 0.00607249
0.996457 27.7532 0.0060732
0.988233 16.9466 0.00607536
0.999171 88.5331 0.00607597
0.954753 11.8673 0.00607669
0.998598 44.5976 0.00608017
0.991894 22.1623 0.00608135
0.706664 8.56053 0.00608143
0.592828 7.78903 0.00608236
0.999869 148.131 0.0060837
0.998165 35.3994 0.00608656
0.989441 28.7647 0.00608758
0.988667 16.8774 0.00608798
0.996491 25.436 0.00608875
0.990321 19.6978 0.00608923
0.999966 158.235 0.00609002
0.745805 8.97224 0.00609366
0.987872 17.3439 0.00609456
0.991345 17.4067 0.00609538
0.980418 11.969 0.00609665
0.982198 14.4344 0.00609673
0.94804 8.6533 0.006098
0.992297 34.5364 0.00610002
0.99023 22.6036 0.00610053
0.971518 11.6755 0.00610346
0.993287 23.4488 0.00610513
0.993029 22.0862 0.00610635
0.999673 76.4721 0.00610787
0.996973 24.25 0.00610843
0.998633 48.3825 0.00610984
0.624744 9.41098 0.00611041
0.352791 9.53311 0.00611068
0.998885 100.015 0.00611091
0.992804 15.9109 0.00611099
0.996078 30.2861 0.00611155
0.955896 9.064 0.0061116
0.993028 33.8348 0.0061122
0.869593 7.93017 0.00611246
0.997248 25.8085 0.0061182
0.995302 20.4149 0.00611973
0.989125 14.6701 0.00612056
0.974034 15.2371 0.00612227
0.99965 65.537 0.00612411
0.998901 55.8782 0.00612469
0.992835 24.0687 0.0061255
0.999979 529.113 0.00612651
0.981101 24.7403 0.00612721
0.981139 15.2439 0.00612838
0.999754 150.371 0.00612871
0.997345 19.8136 0.00612874
0.997371 35.3947 0.00612914
0.995558 13.8869 0.00613022
0.997802 30.3965 0.00613057
0.99452 20.4191 0.00613419
0.993727 27.9723 0.0061348
0.990648 18.517 0.00613602
0.97937 19.0932 0.00613658
0.996345 33.9756 0.00613666
0.997549 37.5418 0.00613947
0.99754 24.2467 0.00614044
0.979306 10.1967 0.00614127
0.974775 8.71997 0.00614226
0.999396 79.1632 0.00614394
0.996798 13.327 0.00614413
0.975211 12.9264 0.00614423
0.993496 19.7295 0.00614556
0.99846 25.3965 0.00614948
0.992003 33.0511 0.00615063
0.988944 20.1077 0.00615067
0.998502 61.1959 0.00615277
0.998349 40.0401 0.00615379
0.989814 10.2415 0.00615617
0.991388 19.0077 0.00615706
0.997963 37.5003 0.00615918
0.994254 39.6952 0.00616006
0.993286 21.6212 0.00616316
0.991061 13.6943 0.00616394
0.98866 14.3787 0.00616529
0.999862 185.009 0.00617068
0.978219 22.7 0.00617415
0.96454 9.04315 0.00617432
0.999901 190.069 0.00617449
0.976849 16.9217 0.00617469
0.976748 11.2643 0.00617497
0.998212 61.149 0.00617909
0.99256 15.2921 0.00617947
0.997398 29.7995 0.00618079
0.983065 19.3408 0.00618477
0.997019 50.0062 0.00618781
0.978248 18.6568 0.00619011
0.991938 25.446 0.00619084
0.995887 31.3485 0.00619135
0.992839 24.6455 0.00619166
0.974855 12.3559 0.00619338
0.991259 35.0641 0.00619429
0.998558 27.4795 0.00619632
0.912707 8.98054 0.00619695
0.994339 30.4762 0.00619717
0.999781 101.475 0.00619794
0.995202 18.3297 0.00619867
0.990241 22.5436 0.00620158
0.999306 67.3128 0.00620376
0.985969 16.7954 0.00620604
0.998844 59.5175 0.00621156
0.984016 15.4139 0.0062121
0.997534 37.0441 0.00621322
0.991841 25.0912 0.00621352
0.999173 49.7671 0.00621489
0.977437 14.8369 0.00621748
0.949363 17.2694 0.00621811
0.995166 27.2693 0.00621857
0.997984 82.9445 0.00622086
0.864065 10.395 0.00622128
0.999592 95.3728 0.00622264
0.986984 10.435 0.00622274
0.999891 224.874 0.00622305
0.73458 7.83184 0.00622334
0.99873 35.0459 0.00622499
0.999187 48.6285 0.00622621
0.99106 26.3394 0.00622652
0.999194 101.087 0.00622745
0.999973 418.927 0.0062282
0.998639 36.1234 0.00622878
0.999048 40.312 0.00623097
0.985961 13.8835 0.00623163
0.982768 16.774 0.0062325
0.98805 16.3526 0.00623341
0.970051 12.4106 0.00623385
0.999328 21.3489 0.00623575
0.999921 236.451 0.00623816
0.987853 13.4029 0.00623837
0.995718 20.1459 0.00623844
0.991546 18.7005 0.00623876
0.998767 24.2304 0.00623917
0.998437 40.2941 0.00624374
0.995654 28.5595 0.0062457
0.993105 33.6271 0.00624707
0.998148 37.3412 0.0062478
0.989055 14.5217 0.00624824
0.990229 25.3448 0.00624976
0.997344 32.2134 0.00625111
0.99861 29.8947 0.00625175
0.997208 36.3651 0.00625293
0.97149 13.8076 0.00625376
0.9966 23.8135 0.00625388
0.996775 26.1506 0.00625434
0.998078 77.4099 0.0062558
0.997407 40.2496 0.00625614
0.999609 42.1361 0.00625699
0.993939 22.7396 0.0062598
0.998117 51.0143 0.00626297
0.996828 41.7118 0.00626352
0.944282 9.6219 0.00626396
0.998467 46.6309 0.00626428
0.985422 24.3025 0.00626714
0.99421 28.9037 0.00626896
0.999915 120.209 0.00626966
0.989595 17.1315 0.00627032
0.992997 31.2838 0.00627213
0.983899 11.4 0.0062751
0.991098 24.5343 0.00627909
0.997902 43.3457 0.00627979
0.749872 9.26501 0.00628119
0.999134 97.5771 0.00628452
0.998709 79.5346 0.00629062
0.996442 22.8619 0.00629296
0.990835 21.987 0.0062932
0.999644 156.423 0.0062944
0.999443 69.8448 0.00629693
0.985637 18.8432 0.00630047
0.994214 27.3223 0.00630073
0.984143 17.9201 0.00630095
0.984699 20.9824 0.00630277
0.991433 22.8766 0.0063043
0.999544 68.9552 0.00630466
0.993288 15.0549 0.00630757
0.980794 14.0836 0.00630947
0.993226 21.9298 0.00630964
0.995901 33.983 0.0063169
0.99673 39.9749 0.00631987
0.968475 8.66514 0.00632299
0.999723 107.993 0.00632417
0.986956 15.3673 0.00632747
0.998343 46.0541 0.00632755
0.990033 35.4519 0.00632843
0.999551 44.0121 0.00632853
0.999096 39.6739 0.0063302
0.972173 11.8717 0.00633513
0.998634 36.059 0.00633531
0.994274 27.2912 0.00634157
0.990659 19.0173 0.00634255
0.994257 18.3563 0.00634468
0.999817 169.726 0.00634771
0.987567 27.8675 0.00634802
0.995033 25.7973 0.0063551
0.989468 13.9385 0.00635789
0.982654 18.3115 0.0063582
0.9993 27.4122 0.00635915
0.976788 17.3109 0.00636124
0.995943 19.1393 0.00636469
0.983445 13.5894 0.00636596
0.994824 21.5708 0.00636657
0.998372 51.5985 0.00636701
0.999303 61.9366 0.00636878
0.999458 70.1129 0.00636944
0.997307 34.6348 0.00637389
0.998737 55.0211 0.00637434
0.978827 17.4233 0.00637684
0.992203 22.721 0.0063786
0.988841 18.2595 0.00637975
0.999348 72.9514 0.00638075
0.99286 22.3119 0.00638209
0.942822 11.2029 0.00638336
0.975516 14.5171 0.00638376
0.998295 112.151 0.00638502
0.988204 17.5527 0.00638763
0.999717 67.6514 0.00638793
0.97845 12.192 0.00638906
0.999958 254.511 0.00639041
0.994787 30.2661 0.00639141
0.991311 16.2575 0.00639175
0.997884 31.9558 0.00639244
0.999492 63.6745 0.00639386
0.995872 26.6948 0.00639412
0.996929 21.7328 0.00639631
0.997778 33.798 0.00639718
0.996039 24.0351 0.006399
0.97226 9.37414 0.00640001
0.993555 35.8579 0.00640236
0.986514 21.3331 0.00640268
0.99975 92.5529 0.0064038
0.963311 12.2647 0.006407
0.99824 34.4827 0.00640722
0.996832 26.6599 0.00640796
0.998788 34.476 0.00640863
0.999414 125.296 0.00641099
0.174929 4.48813 0.00641325
0.98905 22.9724 0.00641542
0.992829 16.6119 0.00641689
0.922657 10.0023 0.00641797
0.998752 57.3171 0.00642197
0.99989 185.502 0.0064221
0.989373 21.0803 0.00642386
0.998847 61.3118 0.00642416
0.998486 31.1273 0.00642517
0.984192 15.9392 0.00642535
0.999645 96.6512 0.00642564
0.999319 52.9569 0.00642974
0.813727 12.7667 0.00643026
0.999198 62.1524 0.00643599
0.946893 10.9296 0.00644197
0.990435 15.914 0.00644294
0.993069 21.4546 0.0064453
0.977358 11.3598 0.00644968
0.971655 11.2152 0.00645056
0.999389 45.1819 0.00645217
0.989404 24.6668 0.00645238
0.999894 197.41 0.00645238
0.996975 50.2232 0.00645596
0.99941 49.5987 0.00645796
0.993014 25.8242 0.00646085
0.999153 47.4224 0.00646311
0.969362 14.5521 0.00646582
0.994101 35.8634 0.00646654
0.999405 48.5409 0.00646657
0.993973 35.2027 0.00647288
0.941915 14.6072 0.00647365
0.996899 22.1272 0.00647836
0.993162 36.9676 0.00648062
0.987607 14.6002 0.0064856
0.679901 6.54251 0.00648621
0.999261 30.4858 0.00649797
0.991745 19.4739 0.00649842
0.995355 41.7624 0.00649873
0.989366 16.5883 0.00650046
0.992679 27.1627 0.00650285
0.99311 28.9061 0.00650857
0.165181 9.66461 0.00651028
0.851764 21.8581 0.00651029
0.984322 16.8336 0.00651124
0.990577 29.0645 0.00651137
0.999937 166.003 0.00651228
0.998423 58.1592 0.00651497
0.99848 45.6245 0.00651534
0.996724 32.1031 0.00651721
0.997417 41.8678 0.00651994
0.988212 17.3415 0.00652381
0.998263 58.148 0.00652471
0.99616 31.1695 0.00652642
0.981535 10.0462 0.00653198
0.992862 21.1914 0.00653446
0.995584 24.4764 0.006536
0.965545 10.9673 0.00653641
0.998679 80.8308 0.00653676
0.998095 34.4309 0.00653941
0.996298 37.8435 0.00653977
0.990097 28.2887 0.00653983
0.995597 26.6773 0.00654023
0.993956 33.7541 0.00654035
0.999108 56.8908 0.00654245
0.999024 58.0288 0.00654311
0.995914 29.6347 0.00654375
0.711081 18.632 0.00654703
0.624291 15.7839 0.00654727
0.999926 93.0839 0.00654773
0.953574 12.1708 0.00654826
0.990004 31.5596 0.00654884
0.986642 10.2897 0.00654889
0.962652 11.6164 0.0065562
0.999738 101.258 0.00656167
0.998744 88.3757 0.00656244
0.995197 28.2379 0.00656627
0.995301 24.437 0.0065663
0.999504 60.064 0.00656751
0.990697 17.7541 0.00657016
0.997295 27.7449 0.00657155
0.997394 51.2888 0.0065723
0.996413 52.3229 0.00657291
0.999936 273.166 0.00657306
0.999887 191.691 0.00657537
0.985557 19.822 0.00657987
0.999699 93.1435 0.0065804
0.98617 17.7254 0.00658164
0.998655 65.314 0.00658239
0.992286 18.613 0.0065836
0.957484 17.0443 0.00658657
0.999205 155.793 0.00659028
0.94384 70.1335 0.00659103
0.993545 27.2478 0.00659164
0.999928 238.978 0.00659234
0.99515 31.6367 0.00659304
0.997698 38.383 0.00659319
0.97695 15.807 0.00659646
0.997387 64.6261 0.0065976
0.997408 34.1362 0.00659848
0.996179 42.5056 0.00660023
0.977896 16.9547 0.00660091
0.996126 25.9056 0.0066037
0.997805 34.4042 0.00660427
0.989166 31.6445 0.00660783
0.983257 10.781 0.00661027
0.975044 14.4565 0.00661189
0.996411 29.0543 0.00661625
0.997589 31.4846 0.00661912
0.996209 33.5136 0.00662202
0.999275 76.1181 0.00662209
0.998785 42.4189 0.00662286
0.992758 26.4887 0.00662457
0.999203 45.8094 0.00662513
0.996135 32.5117 0.00662525
0.999409 94.1722 0.00662791
0.999801 165.926 0.00662963
0.997717 53.7379 0.00663186
0.996411 19.2277 0.00663222
0.998313 37.037 0.00663445
0.999839 169.465 0.00663453
0.986873 20.0882 0.00663659
0.991375 27.0451 0.00663732
0.977425 16.3012 0.00663986
0.999106 71.6729 0.0066401
0.993277 27.4011 0.00664435
0.99521 25.8881 0.00664553
0.997497 11.382 0.00664772
0.995159 29.9597 0.00664905
0.998239 32.2768 0.00664958
0.988672 14.9259 0.00665114
0.999605 58.2427 0.00665223
0.997419 39.6215 0.00665413
0.999783 126.335 0.0066575
0.956999 10.6919 0.00666355
0.937385 12.4937 0.00666435
0.999488 87.1393 0.00666645
0.972363 10.4476 0.00666884
0.991124 19.5667 0.00667529
0.999317 75.8035 0.00667892
0.999371 46.1684 0.00668107
0.983732 26.193 0.0066832
0.972378 12.8824 0.00668444
0.998517 22.071 0.00668698
0.993173 34.0613 0.00669
0.992147 36.6533 0.0066905
0.99923 71.8094 0.00669075
0.994756 14.6245 0.00669339
0.82778 11.6698 0.00669468
0.994259 30.0967 0.00669523
0.988899 22.7854 0.0066993
0.986139 19.0692 0.00670008
0.996608 30.7634 0.00670277
0.999778 127.219 0.00670976
0.998527 72.7695 0.00671703
0.998293 27.2109 0.00671707
0.980661 21.6448 0.0067218
0.996607 37.6741 0.00672336
0.991585 23.1235 0.00672436
0.988388 25.1135 0.00672453
0.967949 16.3666 0.00672458
0.994885 20.0314 0.0067253
0.999751 81.9117 0.00672748
0.999217 55.7515 0.00673144
0.989132 12.8435 0.00673226
0.998281 46.3829 0.00673369
0.999837 81.6618 0.00673618
0.984786 13.3479 0.0067372
0.995665 21.324 0.00674072
0.999055 97.7016 0.00674127
0.999504 72.3316 0.00674201
0.978591 15.8204 0.00674345
0.995536 21.0832 0.00674483
0.995435 55.4676 0.00674622
0.993111 23.7501 0.00674901
0.99996 228.929 0.00675087
0.988945 30.7767 0.00675662
0.96953 14.6803 0.00675994
0.990339 21.6496 0.00676103
0.999843 156.15 0.00676277
0.975611 11.6881 0.00676569
0.979111 17.0325 0.00676847
0.992514 25.4815 0.00677377
0.822441 20.3014 0.00677403
0.304605 8.85297 0.0067743
0.998587 42.6913 0.00677439
0.989925 24.4042 0.00677727
0.956303 13.8769 0.00678468
0.995316 37.6275 0.00679004
0.997934 61.7281 0.00679054
0.999658 50.9795 0.00679633
0.999689 80.6873 0.00679823
0.998207 27.15 0.00680109
0.999607 99.7109 0.00680326
0.989212 20.6181 0.00680514
0.999016 53.7734 0.0068061
0.987724 18.7885 0.00680713
0.995083 40.0021 0.00680865
0.999804 124.327 0.0068114
0.993809 20.1234 0.00681823
0.989483 17.7768 0.00681976
0.988445 21.7845 0.00681999
0.996943 27.4019 0.00682376
0.998902 49.9892 0.00683252
0.972631 22.0167 0.00683716
0.997189 28.07 0.00683751
0.989113 36.8107 0.00683935
0.977304 19.175 0.00683939
0.995385 43.8073 0.00683962
0.996476 24.4956 0.00683981
0.989155 26.9244 0.00684091
0.991512 21.0212 0.00684302
0.994291 38.4612 0.00684375
0.996247 42.6967 0.00684382
0.992965 18.9974 0.00684572
0.976897 18.0098 0.00684775
0.997065 44.0487 0.00684804
0.00308347 4.85875 0.00684867
0.997367 66.4087 0.00685028
0.989943 13.8714 0.0068513
0.986616 12.1316 0.00685166
0.997663 39.4214 0.0068533
0.995738 40.5171 0.00685526
0.588425 8.18681 0.00685617
0.9841 14.9107 0.00685685
0.997335 38.5472 0.00686108
0.99403 18.6826 0.00686447
0.989533 19.6159 0.00686617
0.999415 65.6618 0.00686621
0.995134 26.5011 0.00686677
0.99729 46.1693 0.00686748
0.999597 81.0968 0.00686812
0.997324 36.0314 0.00686923
0.991095 23.1212 0.00687478
0.982424 13.1913 0.00687528
0.990271 25.1567 0.00687565
0.991705 21.6243 0.0068769
0.989 18.561 0.00687744
0.993547 20.4621 0.0068794
0.989447 29.0377 0.00688482
0.998644 44.2696 0.00688571
0.986604 17.3073 0.00688648
0.993063 33.053 0.00688826
0.983065 19.737 0.00688968
0.991992 28.7339 0.00689313
0.998837 46.5555 0.00689747
0.998764 53.5373 0.0068983
0.987492 17.6901 0.00690116
0.998565 76.0762 0.00690242
0.99645 36.2606 0.00690524
0.998369 31.5489 0.00690657
0.982213 27.2064 0.00691398
0.999532 38.4117 0.00691679
0.985445 22.9639 0.00692526
0.996765 49.1728 0.00692636
0.999203 146.109 0.00692698
0.999476 72.6615 0.00692752
0.983635 24.6591 0.00693199
0.999134 74.2102 0.00693728
0.999134 68.3213 0.00693879
0.988383 23.9592 0.00694161
0.962955 12.1577 0.00694238
0.997731 30.3282 0.00694744
0.99175 26.1937 0.00695373
0.999127 49.4429 0.00695435
0.992229 15.4349 0.00695782
0.988036 136.693 0.00696154
0.961758 13.6446 0.00696229
0.999401 74.3832 0.00696319
0.997251 21.783 0.00696477
0.975515 26.0017 0.00696582
0.992496 38.1791 0.00696587
0.995696 39.6742 0.00696616
0.992618 39.6841 0.00697059
0.998853 68.1531 0.0069728
0.980468 15.5997 0.00697594
0.992069 31.6416 0.0069768
0.993483 27.1778 0.00697714
0.997517 151.423 0.00697893
0.972871 19.4637 0.00697906
0.999333 64.7124 0.00697918
0.99108 21.5245 0.00698644
0.997858 60.4272 0.00698734
0.998619 24.6406 0.00698791
0.947855 10.0606 0.00698841
0.915987 8.86226 0.0069911
0.991375 21.8042 0.00699554
0.997615 45.0168 0.00699602
0.997375 53.182 0.00699721
0.995196 51.4126 0.00699971
0.998194 41.4362 0.00699975
0.998936 83.5666 0.00700295
0.998634 62.7203 0.00700437
0.990349 14.5866 0.00701061
0.994718 33.715 0.00701139
0.99239 26.4383 0.00701285
0.954689 5.51512 0.00701813
0.99851 44.829 0.0070183
0.998813 46.274 0.00702571
0.998332 35.7514 0.00702729
0.998429 35.0092 0.00702843
0.996492 32.0632 0.00703087
0.997278 31.1961 0.00703488
0.998996 53.9381 0.00703727
0.972682 13.4097 0.00704096
0.996917 32.4558 0.00704252
0.999691 68.7692 0.00704802
0.968943 14.6403 0.0070545
0.982484 14.094 0.00705675
0.994918 25.7424 0.00705714
0.997329 39.7252 0.0070593
0.99128 21.4515 0.00706169
0.997714 35.5854 0.00706581
0.98252 23.2021 0.00706647
0.99632 47.2305 0.00706744
0.988817 17.9024 0.00706829
0.999547 64.7927 0.0070697
0.994185 16.1007 0.00707418
0.999955 151.747 0.0070746
0.987814 17.2498 0.00707689
0.997633 31.0494 0.00707747
0.995669 32.6164 0.00708357
0.999551 75.3026 0.00708381
0.998587 23.0718 0.00708708
0.487644 4.2551 0.00708929
0.29173 4.53642 0.00708979
0.995499 27.4433 0.00709074
0.99783 28.2807 0.00709097
0.989078 18.4931 0.00709695
0.985207 11.915 0.00710606
0.998095 39.1224 0.0071103
0.998232 47.801 0.00711538
0.999448 84.5566 0.007119
0.967016 14.5451 0.00712199
0.998641 61.1118 0.00712524
0.98029 15.3307 0.00712852
0.982235 17.6386 0.00713362
0.998185 26.491 0.0071358
0.983473 10.9294 0.00713588
0.997558 23.8299 0.00713674
0.994538 19.4289 0.00713842
0.99562 13.7421 0.00714087
0.999465 27.9301 0.00715315
0.996802 21.811 0.0071532
0.988886 18.8508 0.00715579
0.993725 20.8484 0.00716574
0.995986 22.1257 0.00716596
0.969348 19.1528 0.00716682
0.979744 10.273 0.00716696
0.999738 108.528 0.00716798
0.998372 45.2852 0.00716866
0.974209 15.4313 0.00716884
0.998229 27.2036 0.00716944
0.997192 39.6339 0.00717341
0.998189 36.2023 0.007181
0.984647 15.8162 0.00718193
0.886141 7.08886 0.00718501
0.970514 13.6533 0.00719596
0.972928 13.0035 0.00719852
0.997987 63.1218 0.00720198
0.998272 41.151 0.00720245
0.998176 37.0566 0.00720324
0.992867 21.1372 0.00720552
0.997412 30.624 0.00720745
0.998731 21.5915 0.00720844
0.96267 12.0656 0.0072106
0.995938 43.5423 0.00721157
0.997157 29.3129 0.00721169
0.995479 34.835 0.00721518
0.992398 17.3864 0.0072237
0.999353 52.7258 0.00722607
0.997168 26.3221 0.00722959
0.99398 35.3564 0.00723272
0.995935 20.4138 0.00723411
0.983868 11.1977 0.00723572
0.997187 22.0677 0.00723615
0.988631 15.4951 0.0072429
0.997693 43.835 0.0072477
0.99882 118.949 0.00725029
0.995156 18.6275 0.00725307
0.998199 26.5267 0.00725745
0.993806 20.3454 0.00725918
0.998186 23.1514 0.00726307
0.993973 19.9568 0.00726439
0.989064 13.0406 0.00727071
0.999759 78.1293 0.00727147
0.986987 14.2909 0.00727488
0.98963 18.383 0.00727541
0.99884 84.2308 0.00727874
0.997942 38.0645 0.00727877
0.998452 61.7221 0.00728167
0.971483 17.2739 0.00728547
0.991817 23.0853 0.00728845
0.99232 18.184 0.00729082
0.993049 35.0694 0.0072915
0.985378 22.2536 0.00729161
0.997865 41.4342 0.00729546
0.99626 27.3497 0.00729617
0.972787 17.618 0.00729739
0.999249 38.3576 0.00730277
0.999103 85.0294 0.00730432
0.990292 14.076 0.00730448
0.99994 255.708 0.00730919
0.986144 23.5221 0.0073133
0.996252 47.4144 0.00731495
0.997633 44.7537 0.00731508
0.995357 28.8495 0.00732788
0.99599 31.701 0.00732794
0.981003 17.6273 0.00732899
0.986901 21.2093 0.0073339
0.99788 42.7567 0.00734153
0.988487 16.6692 0.00734675
0.983942 15.8647 0.00734702
0.999886 115.835 0.00734983
0.999749 137.715 0.00735209
0.99686 20.9246 0.00735455
0.998629 65.9432 0.00735509
0.990824 22.2572 0.00736118
0.993828 25.6282 0.00736341
0.979466 17.819 0.00736472
0.999116 38.1572 0.007366
0.99667 21.9459 0.00737102
0.992266 19.1306 0.0073741
0.964926 13.8257 0.00737778
0.998923 72.3525 0.00738007
0.997955 35.1339 0.00739047
0.999026 79.1654 0.0073906
0.999508 33.1183 0.00739275
0.979024 13.8882 0.00739283
0.998693 56.2446 0.00739346
0.990709 23.3579 0.0073965
0.993827 16.3979 0.0073978
0.990765 27.0246 0.00739879
0.989283 15.5362 0.00739919
0.993886 32.6586 0.00740136
0.996178 20.1159 0.00740647
0.99601 31.7047 0.00740663
0.998574 51.6101 0.00740943
0.999928 129.812 0.00741539
0.998028 19.2133 0.00742079
0.999372 71.1535 0.0074267
0.998446 64.1382 0.00742736
0.960373 15.2372 0.00743153
0.998175 41.7255 0.0074347
0.999668 93.9794 0.0074365
0.993639 32.04 0.00743846
0.995687 30.1118 0.00743859
0.996292 27.5634 0.00743915
0.996323 29.3959 0.00743977
0.991776 23.1127 0.00744042
0.999944 81.8381 0.00744458
0.937999 10.0376 0.00744593
0.997127 45.4125 0.00745266
0.990439 23.3146 0.00745476
0.999231 46.8219 0.00746434
0.999572 57.6697 0.00746746
0.994858 21.0438 0.00748223
0.999539 93.7076 0.00748302
0.999944 445.652 0.00748339
0.989224 17.8822 0.00748567
0.987215 20.7968 0.00748663
0.999348 87.0154 0.00749337
0.999335 110.591 0.00749343
0.993261 25.699 0.00749408
0.93485 10.9078 0.00749696
0.99999 543.147 0.00749697
0.99808 35.7382 0.00751153
0.996127 22.9103 0.00751562
0.962468 15.1828 0.00751648
0.996144 44.776 0.00751654
0.992278 32.889 0.00752427
0.999291 92.2549 0.00752886
0.983143 19.7253 0.00753074
0.979504 14.8337 0.00753621
0.997643 30.3816 0.00753805
0.997866 22.9875 0.00753893
0.988193 20.1106 0.00754528
0.991374 27.7317 0.00754928
0.994989 24.0967 0.00755112
0.988322 17.9043 0.00755735
0.991007 32.1562 0.00756513
0.998807 83.0504 0.00756514
0.999606 60.2709 0.00756979
0.991365 26.2377 0.0075756
0.994342 28.6731 0.007577
0.997677 40.262 0.00757754
0.99763 38.3913 0.00758255
0.998664 44.0871 0.00758389
0.999777 114.306 0.00758483
0.990511 32.5394 0.00758495
0.997038 41.3988 0.00758831
0.993954 22.856 0.00758838
0.836893 13.7521 0.00759117
0.998945 138.522 0.00759186
0.999724 114.868 0.00759487
0.996127 35.2487 0.00759568
0.996124 25.5417 0.00760566
0.999451 86.1419 0.00760628
0.992833 26.6826 0.0076068
0.991435 20.9135 0.00760998
0.998097 49.2065 0.00761499
0.994869 40.6874 0.00761891
0.977249 19.1931 0.00762114
0.986679 23.6328 0.00762348
0.999535 133.825 0.00762407
0.998943 33.1669 0.00762533
0.999782 53.1054 0.00762566
0.969868 15.386 0.0076267
0.990466 47.8401 0.00762924
0.409844 18.3326 0.00762942
0.770041 28.46 0.00762954
0.0286531 9.7545 0.00762982
0.996103 59.8144 0.00763013
0.992168 28.3271 0.00763157
0.998333 56.7843 0.00763381
0.999296 79.2527 0.00763536
0.995704 18.4907 0.00763685
0.998663 70.7062 0.0076389
0.539705 8.99376 0.00763947
0.386641 8.14534 0.00763986
0.998473 57.6396 0.00764235
0.977241 22.2457 0.00764408
0.977196 14.1285 0.00764427
0.992917 32.8914 0.00764575
0.650715 9.33098 0.00765986
0.443995 7.1951 0.00766005
0.96723 18.2064 0.00766561
0.999225 44.5159 0.00766568
0.991206 22.6083 0.00766725
0.755013 9.25796 0.00767592
0.997018 24.721 0.00767593
0.994929 19.8539 0.00767932
0.986885 21.4855 0.00768004
0.773102 16.4493 0.00768033
0.281052 7.79512 0.00768076
0.996379 19.3466 0.00768373
0.999932 267.56 0.00768488
0.996955 27.1186 0.00768591
0.998488 36.6623 0.00768661
0.996093 61.2225 0.00768798
0.965493 16.1464 0.00768815
0.996885 29.5003 0.0076899
0.999409 89.4389 0.00769193
0.997654 36.5162 0.00769806
0.999867 142.564 0.007708
0.987444 17.1337 0.0077134
0.999861 100.158 0.00771913
0.996734 35.653 0.00771991
0.999687 78.2088 0.0077229
0.998092 31.6105 0.0077247
0.988303 24.8848 0.00772697
0.987589 24.9688 0.00772857
0.998835 131.845 0.007729
0.999674 63.583 0.00773212
0.998837 75.6151 0.00773375
0.998682 52.1297 0.00773547
0.999824 96.5415 0.00773872
0.995612 29.5822 0.00775329
0.990822 34.4493 0.00775351
0.998839 52.6505 0.00775709
0.996618 41.7777 0.00775823
0.99984 179.886 0.00776329
0.999537 36.7354 0.00776677
0.999854 106.535 0.00776905
0.987735 23.469 0.00777095
0.991828 17.7849 0.00777328
0.994389 21.3495 0.0077803
0.99208 20.5734 0.0077821
0.999236 29.5574 0.00778217
0.999584 56.2879 0.00779345
0.992383 13.3807 0.00779383
0.985202 25.9661 0.0077984
0.9215 8.82329 0.00780146
0.99454 29.9436 0.00780251
0.943298 7.9975 0.00780598
0.998977 52.2895 0.00781232
0.999624 143.923 0.00781495
0.972553 19.5416 0.00781574
0.995238 55.5998 0.00782178
0.999051 52.1894 0.00782202
0.994658 29.2344 0.00782513
0.991283 19.1562 0.00782859
0.991409 17.5823 0.00784001
0.999227 64.8908 0.00784171
0.996164 27.2818 0.00784451
0.995586 38.3808 0.00784649
0.999169 66.5716 0.00784675
0.981351 25.8871 0.00784725
0.999669 69.584 0.00785012
0.984258 23.0669 0.0078531
0.996135 43.1487 0.00785646
0.546638 10.8701 0.00785655
0.998184 98.0718 0.00785659
0.990061 50.3261 0.00785665
0.998765 57.4046 0.0078591
0.999695 69.5208 0.00786113
0.972121 11.5209 0.0078691
0.99625 48.2514 0.00787647
0.999277 150.768 0.00788364
0.992977 34.8303 0.00788821
0.979421 18.2496 0.00788831
0.999512 83.0865 0.00789123
0.994163 29.4694 0.00789196
0.995139 31.7031 0.00790274
0.999213 64.9621 0.00790448
0.995692 39.2848 0.00790662
0.999265 90.2615 0.00790733
0.974887 20.0175 0.00790814
0.99142 19.9892 0.00790935
0.983931 16.9859 0.00791726
0.999265 52.6091 0.00792009
0.996789 38.3549 0.007922
0.98915 20.4382 0.00792263
0.996631 14.0909 0.00792282
0.986021 20.4294 0.0079245
0.999257 51.4303 0.00792503
0.99744 39.2259 0.00792555
0.987789 26.2169 0.00792865
0.997794 44.0267 0.00793561
0.999683 79.1586 0.00794054
0.994153 34.8475 0.00795067
0.997711 51.3988 0.00795117
0.999456 47.3835 0.00795843
0.999687 90.7495 0.00795901
0.993314 29.6844 0.00796077
0.965955 17.7973 0.00796302
0.997498 31.3529 0.00796838
0.999995 438.923 0.00796917
0.989751 28.5099 0.00796964
0.999903 168.02 0.00797112
0.99831 54.7724 0.00797434
0.99666 32.839 0.00797807
0.984867 18.8118 0.0079795
0.996093 27.971 0.00798002
0.990972 26.4606 0.00798411
0.997792 46.9913 0.00798478
0.998783 56.558 0.00798681
0.999312 78.8839 0.0079872
0.999419 41.5132 0.00798756
0.998211 38.4886 0.00798809
0.983639 23.2928 0.00799516
0.998773 61.9622 0.00799564
0.996263 38.4189 0.00799742
0.990522 22.3962 0.00799763
0.997395 49.223 0.00800237
0.994715 45.7399 0.00800326
0.997988 44.1513 0.00800541
0.998082 60.5891 0.00801057
0.997261 38.7851 0.00801846
0.999647 86.7867 0.00801855
0.991246 26.3245 0.00802344
0.995462 23.3298 0.00802673
0.999899 86.8972 0.00802708
0.998124 53.2797 0.00803013
0.985761 18.2049 0.00803656
0.993562 25.2686 0.0080371
0.992405 13.8996 0.00804953
0.997701 39.5505 0.00804988
0.998297 34.6927 0.00805189
0.985971 25.2073 0.00805324
0.993004 17.7185 0.00805365
0.993346 17.5319 0.00805441
0.998227 38.7792 0.00805639
0.984969 18.2036 0.00805745
0.991527 18.7299 0.00805801
0.996565 36.6684 0.0080656
0.985723 18.403 0.00806644
0.998196 83.0692 0.00806674
0.996271 30.4547 0.0080733
0.988047 16.9206 0.00807471
0.997864 41.841 0.00808306
0.986157 17.6236 0.00809445
0.995602 28.8616 0.00809845
0.997046 52.5755 0.00810804
0.999949 208.856 0.00811018
0.995101 25.4942 0.0081179
0.987161 18.1412 0.00811992
0.992987 30.4275 0.0081203
0.997561 31.5011 0.00812191
0.998412 78.5034 0.00812691
0.97724 16.38 0.00813132
0.978764 11.1349 0.00813872
0.998243 35.7881 0.0081462
0.99565 27.0227 0.00814664
0.998828 71.7224 0.00814863
0.997611 34.851 0.00815196
0.990463 23.5431 0.00815918
0.959428 10.5674 0.00817162
0.999018 71.3567 0.00817437
0.989799 20.8329 0.00817605
0.994701 19.5372 0.00818419
0.982952 14.9491 0.00818428
0.996406 39.3984 0.00819638
0.995572 27.8015 0.00819872
0.998575 56.142 0.0081991
0.99548 26.9226 0.00820009
0.990218 13.5055 0.00820177
0.995785 28.9597 0.0082054
0.998883 36.313 0.00820777
0.999952 270.911 0.00820926
0.984866 25.1076 0.00821516
0.99528 27.4304 0.00821647
0.992094 24.5644 0.00821912
0.99156 27.3033 0.00822183
0.996925 23.2115 0.00823102
0.998706 32.1758 0.00823402
0.996944 35.7346 0.00823628
0.99704 34.3722 0.00824074
0.998189 51.051 0.00825936
0.998802 46.9087 0.00827011
0.998595 53.7857 0.00827768
0.991487 16.0869 0.00828102
0.995258 26.413 0.00828763
0.957919 11.3852 0.00829406
0.996469 32.0115 0.00829524
0.991071 33.6699 0.00829535
0.99548 22.6189 0.00829587
0.993425 39.2593 0.00829646
0.994112 19.8103 0.0082991
0.997045 42.4995 0.00830003
0.998996 51.6183 0.0083043
0.996093 42.4384 0.00830521
0.99835 36.8584 0.00830648
0.997937 54.2701 0.00831062
0.999532 40.5154 0.0083138
0.999009 89.8591 0.00831793
0.989835 18.875 0.00831903
0.984968 17.8242 0.00831944
0.970469 11.7454 0.00832389
0.970248 13.5543 0.00832769
0.997291 31.9181 0.00833567
0.996362 24.9315 0.00834252
0.982712 9.46033 0.00834861
0.963813 12.407 0.00836054
0.996329 23.4494 0.008364
0.999402 60.1855 0.00836734
0.970797 13.8458 0.0083882
0.981008 20.2096 0.00839355
0.994375 21.0604 0.00839733
0.991912 15.1049 0.0084003
0.997668 41.6622 0.00840192
0.993855 38.2397 0.0084068
0.998802 49.9922 0.00842308
0.999635 110.445 0.00842555
0.997438 48.0682 0.00842571
0.994442 28.9741 0.00842919
0.995655 33.0831 0.00842975
0.945061 9.50513 0.00843449
0.982742 20.4311 0.00844048
0.989029 20.0085 0.00844165
0.999558 79.8181 0.00844209
0.99644 34.1484 0.00845633
0.999535 80.6797 0.008457
0.99977 123.645 0.00845898
0.998278 45.5673 0.00845902
0.999629 43.844 0.00845928
0.62697 7.41336 0.00846184
0.999429 126.907 0.00846387
0.972308 9.93751 0.00846626
0.998751 32.4609 0.00847101
0.998084 40.6073 0.00847635
0.998881 29.4752 0.00848982
0.998977 59.4694 0.00849432
0.995815 21.3057 0.00849704
0.998083 35.1058 0.00850004
0.992155 12.5907 0.00850858
0.981146 21.4742 0.00851181
0.977706 19.6499 0.00851318
0.828802 11.223 0.00851856
0.996321 33.0216 0.00852548
0.988656 26.5151 0.00852605
0.998981 31.1985 0.00853071
0.985937 18.487 0.00853378
0.996962 50.7017 0.00853763
0.988947 26.1834 0.00854013
0.986484 20.9737 0.00854055
0.99736 43.3943 0.00854517
0.994647 31.1801 0.00855757
0.997977 22.2793 0.00856216
0.999728 69.4548 0.00856333
0.998683 68.6481 0.00857121
0.976964 100.044 0.00857623
0.771879 17.0046 0.00857636
0.999917 328.347 0.00857649
0.99973 327.734 0.0085765
0.988692 24.9251 0.00857765
0.975293 13.1535 0.00858271
0.999985 310.369 0.00859818
0.999756 152.376 0.00859838
0.996359 24.6372 0.00860906
0.999193 64.0103 0.00861796
0.99616 30.302 0.00862267
0.999005 52.2771 0.00862423
0.988341 17.9491 0.00862461
0.999203 41.3418 0.00863314
0.994923 21.6454 0.00863567
0.999541 131.434 0.00864691
0.977161 21.0234 0.00864742
0.982705 21.8081 0.00865638
0.98822 20.1333 0.00865984
0.999536 71.6392 0.00867489
0.999742 214.837 0.00868693
0.997374 58.2578 0.00869074
0.993733 28.4883 0.00870208
0.99893 39.4647 0.00871361
0.999533 75.3232 0.00872611
0.999538 92.3929 0.00872826
0.984395 15.7905 0.00873678
0.999598 97.187 0.00873963
0.328424 6.43156 0.00875034
0.587695 8.17111 0.00875044
0.993809 32.9631 0.00875337
0.999801 157.852 0.00875811
0.999964 252.412 0.00876243
0.999225 72.1142 0.00876515
0.992161 30.0189 0.008767
0.999659 92.9914 0.00877369
0.977329 12.3587 0.00878056
0.984676 20.6537 0.00878212
0.991474 26.0871 0.00879431
0.997628 42.7223 0.00879548
0.985694 28.4675 0.00879925
0.9995 147.451 0.00879929
0.991513 27.4325 0.00880821
0.99863 54.2968 0.00882035
0.99983 113.968 0.00883694
0.988097 23.7162 0.00883907
0.991737 30.9654 0.00884625
0.982066 11.4623 0.008858
0.99184 29.5698 0.00887254
0.994487 44.1444 0.00887408
0.976966 13.4446 0.008876
0.98322 16.8811 0.0088831
0.968008 18.6191 0.00889176
0.999673 134.276 0.0088999
0.999798 220.615 0.00890004
0.995077 39.301 0.0089021
0.996645 36.1131 0.00890521
0.999506 91.2532 0.0089053
0.998748 51.5103 0.00890834
0.996226 35.1523 0.00891962
0.987538 19.4505 0.00892025
0.999133 88.5076 0.00892225
0.999314 81.2042 0.00894731
0.999698 94.2932 0.00895893
0.999602 68.329 0.00896085
0.999476 71.7089 0.00896682
0.997326 64.1793 0.00899881
0.997883 32.5557 0.00900275
0.996522 27.3027 0.00900316
0.991266 17.249 0.00900662
0.999678 86.5215 0.00901158
0.997546 29.1931 0.00901719
0.992271 24.6388 0.00901864
0.999567 110.267 0.00901982
0.989524 24.8254 0.00902289
0.969101 19.4187 0.00902803
0.999159 46.1761 0.00903113
0.999753 100.801 0.00903312
0.99672 36.8677 0.00903988
0.999559 118.166 0.00904901
0.991554 21.1053 0.00906483
0.999155 40.8036 0.00906502
0.994623 21.051 0.00906746
0.992698 23.6163 0.00907353
0.997237 26.7198 0.00907717
0.9956 28.2697 0.00907893
0.997412 37.3845 0.00907973
0.994465 30.3076 0.00908262
0.99973 121.316 0.00908498
0.97676 25.4533 0.00909301
0.999327 108.937 0.00909325
0.998034 48.3023 0.00909408
0.995688 23.9344 0.00910398
0.996724 43.3753 0.0091086
0.989877 24.9967 0.00912666
0.999966 189.102 0.00912734
0.989102 14.1879 0.00914025
0.997707 60.8048 0.00914127
0.999212 32.1533 0.00914683
0.997403 29.02 0.00914829
0.99999 433.135 0.00915945
0.998091 31.6163 0.00916923
0.999777 106.235 0.00917228
0.998373 34.3484 0.00917798
0.997958 24.2782 0.00917971
0.999661 246.78 0.00918417
0.980189 14.5544 0.00918562
0.766942 10.4338 0.00919589
0.378952 9.39918 0.00919603
0.99664 28.6238 0.00919771
0.991217 17.3436 0.00920061
0.998181 43.8597 0.00920248
0.997957 25.5737 0.00921051
0.971009 14.7793 0.00922257
0.994722 22.2066 0.00922294
0.993897 25.7349 0.00922388
0.998415 49.1447 0.00922622
0.995545 20.9235 0.00923606
0.999678 137.101 0.00923799
0.998028 45.5954 0.00924458
0.995497 34.0517 0.00925335
0.998293 34.4958 0.00925783
0.998107 28.4818 0.00926502
0.996848 40.1165 0.0092656
0.995746 23.7482 0.00927255
0.996855 34.3764 0.00929702
0.997727 19.7644 0.00929722
0.998594 48.1329 0.00930935
0.996804 43.6923 0.00930994
0.983978 20.2696 0.00931007
0.984042 16.5946 0.00932323
0.999773 55.9145 0.00934388
0.999476 103.367 0.00934827
0.998189 29.8484 0.0093559
0.998606 40.0036 0.00936416
0.998989 44.4257 0.00936436
0.963523 12.6735 0.00937865
0.999975 371.417 0.0093795
0.998804 55.1193 0.0093826
0.996246 23.3041 0.00938382
0.996029 42.4026 0.00938726
0.992204 25.1426 0.00938815
0.999202 32.1441 0.00939438
0.99744 25.4845 0.00939518
0.997722 51.8413 0.00939712
0.998779 227.124 0.00940695
0.999104 43.7449 0.00942311
0.989497 17.4729 0.00942761
0.998078 43.5859 0.00943278
0.998176 43.6129 0.00944017
0.996391 38.4112 0.00944481
0.992303 25.3914 0.00945905
0.998314 46.9065 0.00946604
0.993782 25.8349 0.00946612
0.993321 11.6617 0.00946807
0.996437 18.8744 0.0094722
0.99908 36.4195 0.00947365
0.997933 42.6526 0.00948154
0.999684 55.1946 0.00949064
0.997205 32.6013 0.00950063
0.999364 79.1855 0.00950065
0.999007 53.0589 0.00950096
0.995013 23.0152 0.00951139
0.998973 51.7083 0.00951641
0.993011 18.4462 0.00952207
0.998556 25.0113 0.00953553
0.999166 55.5885 0.00953562
0.997242 14.0343 0.0095428
0.999589 88.1175 0.00955317
0.998505 64.9045 0.00958794
0.997871 43.4564 0.00961199
0.979054 24.9278 0.00961932
0.992688 33.7933 0.00962684
0.999181 68.4994 0.00963423
0.993249 33.219 0.00963999
0.975251 20.4011 0.0096464
0.999109 53.5118 0.00966071
0.999989 504.366 0.0096638
0.996789 25.2454 0.00967134
0.999826 109.357 0.00967889
0.998523 38.4893 0.00968402
0.989986 17.7085 0.00969081
0.999838 104.551 0.00970128
0.99983 50.5998 0.0097061
0.993952 28.8967 0.00971508
0.991958 21.0117 0.00971908
0.991083 20.9959 0.00973551
0.96003 10.4216 0.00973654
0.97557 20.9072 0.00976179
0.998318 72.8204 0.00978313
0.999539 86.7714 0.00978682
0.99409 21.3031 0.00979002
0.997171 38.6452 0.00980283
0.999382 45.428 0.00983351
0.997024 24.8242 0.00984577
0.99977 152.581 0.00985206
0.997682 27.657 0.00985754
0.998123 45.6513 0.00985878
0.997723 70.3087 0.00986749
0.999759 74.2751 0.00988238
0.999738 338.495 0.00988406
0.982651 19.7423 0.00988408
0.994149 26.6264 0.00990107
0.995084 31.0102 0.00992709
0.993681 28.2346 0.00992939
0.999278 55.5677 0.0099321
0.997745 35.6799 0.00993978
0.999981 309.839 0.00994934
0.998026 35.873 0.00995068
0.995079 40.1838 0.00995449
0.997679 30.7855 0.00996063
0.998602 36.7366 0.00996544
0.998855 55.129 0.00998544
0.991658 24.175 0.0100027
0.99521 38.5438 0.0100039
0.998214 37.8454 0.0100185
0.998529 35.7906 0.0100348
0.989255 14.4172 0.010044
0.998216 30.5292 0.0100493
0.999804 137.157 0.0100499
0.994942 20.897 0.0100567
0.993975 25.4242 0.0100578
0.998626 32.6581 0.0100598
0.998378 63.6826 0.0100681
0.985039 20.7098 0.0100904
0.998556 62.5245 0.0100985
0.996413 21.3998 0.0101041
0.999049 26.1403 0.0101164
0.998931 55.8205 0.0101248
0.999332 63.6835 0.0101397
0.990039 19.8111 0.010142
0.999694 139.149 0.0101549
0.98891 24.752 0.0101668
0.999653 54.6021 0.0101675
0.995477 36.6302 0.0101924
0.997892 44.8672 0.0102009
0.999161 54.895 0.0102014
0.97936 10.7718 0.0102092
0.999832 149.335 0.0102209
0.999986 349.922 0.0102282
0.995044 24.0556 0.010229
0.997809 31.7866 0.010258
0.993267 21.8306 0.0102721
0.997765 20.0876 0.0102734
0.985583 21.3446 0.0102742
0.981835 27.2015 0.0102743
0.993584 24.3931 0.010278
0.999932 101.44 0.0102814
0.995746 29.7815 0.0102855
0.999371 64.2272 0.0102875
0.997987 36.0257 0.0102974
0.987228 24.0734 0.0102976
0.999638 66.2144 0.0103295
0.999418 29.7129 0.0103434
0.987484 20.5527 0.0103448
0.985158 19.9264 0.0103527
0.995795 22.0708 0.0103571
0.994316 32.9448 0.0103899
0.985883 14.2818 0.0104008
0.999668 43.7361 0.0104024
0.98365 19.8622 0.0104028
0.99522 17.6522 0.0104203
0.993954 30.1464 0.0104382
0.999753 127.434 0.0104642
0.998217 30.3706 0.0104651
0.999357 95.4625 0.0104705
0.994367 24.8592 0.0104863
0.994417 42.945 0.0104949
0.996071 21.2284 0.0105161
0.999642 70.0722 0.0105239
0.994511 44.6767 0.0105381
0.988768 19.9434 0.0105381
0.998353 106.713 0.0106001
0.995164 57.8643 0.0106003
0.992415 18.5935 0.0106072
0.999358 62.0051 0.0106132
0.985412 19.1192 0.0106198
0.99653 26.4924 0.0106462
0.999074 87.0303 0.0106676
0.995773 36.4011 0.0106679
0.999275 55.0945 0.010668
0.988013 15.674 0.0106711
0.999124 56.4538 0.0106743
0.999983 210.804 0.0106816
0.998268 37.2103 0.0107071
0.999958 190.058 0.0107076
0.998194 30.9995 0.0107295
0.999498 71.1741 0.0107486
0.999669 131.669 0.0107531
0.999898 179.682 0.0107569
0.998607 45.0464 0.010766
0.999628 90.3616 0.0107769
0.99471 17.777 0.0108025
0.999842 93.9146 0.0108287
0.999011 56.9594 0.0108293
0.995422 34.9357 0.0108297
0.998083 53.6192 0.0108438
0.9936 28.4114 0.0108778
0.99563 25.5587 0.0108817
0.98983 23.0366 0.0108817
0.992853 25.0611 0.0108934
0.989617 18.7726 0.0109123
0.999028 63.5445 0.0109134
0.999917 225.429 0.0109191
0.998978 49.8429 0.0109436
0.995889 33.0647 0.0109561
0.988881 21.5926 0.010958
0.998206 37.7553 0.010994
0.997749 42.1949 0.0109993
0.999956 324.879 0.0110027
0.999936 202.373 0.0110056
0.999285 110.389 0.0110137
0.998927 87.1335 0.0110382
0.998134 100.228 0.0110816
0.997144 73.888 0.0110871
0.995979 57.585 0.0110923
0.998582 104.477 0.0110939
0.997498 69.5446 0.0110971
0.987157 48.1612 0.0111094
0.999122 103.81 0.0111182
0.998466 177.363 0.011127
0.978191 37.3344 0.0111382
0.996327 121.078 0.0111535
0.995205 61.2421 0.0111736
0.99064 49.2246 0.011176
0.989245 67.1178 0.0111867
0.989288 69.424 0.0111871
0.999211 182.374 0.0111973
0.998882 130.184 0.0112246
0.999941 316.216 0.011231
0.991734 56.9664 0.0112803
0.999252 185.338 0.0113111
0.978727 40.9455 0.0113197
0.997997 111.709 0.0113359
0.999742 178.946 0.0113468
0.999578 183.574 0.0113601
0.975068 48.8948 0.011364
0.990903 53.1774 0.0113674
0.999479 136.708 0.0113735
0.999683 181.779 0.0114242
0.993551 85.6361 0.0114754
0.972407 34.5229 0.0114927
0.998863 198.742 0.0115551
0.999616 109.716 0.0115619
0.996171 69.594 0.0116369
0.997987 155.334 0.0116701
0.998266 198.396 0.0116843
0.999524 273.219 0.011731
0.993248 108.132 0.0117559
0.999888 268.567 0.0117626
0.999591 192.449 0.0117862
0.998009 152.161 0.0117904
0.999618 240.905 0.011795
0.995617 87.6654 0.0118053
0.996601 78.1643 0.0118153
0.999262 257.288 0.0118721
0.999841 440.776 0.0118738
0.994918 65.9377 0.0118913
0.992555 79.1912 0.0118996
0.988406 53.6793 0.0119924
0.999859 494.719 0.011994
0.996524 81.4485 0.012051
0.999849 184.309 0.0120583
0.999351 189.885 0.0121173
0.999647 150.786 0.012144
0.999497 293.913 0.0121855
0.996784 79.1365 0.0122154
0.997956 167.531 0.0122311
0.99251 74.289 0.0123164
-inf 16.7426 0.0124591
0.999605 232.465 0.0124819
0.999704 330.23 0.0124825
0.999854 434.069 0.0124971
0.999679 338.776 0.0125136
0.999713 235.456 0.0125395
0.999554 164.754 0.0125932
0.999253 157.365 0.0125947
0.993744 88.6109 0.0126442
0.997628 93.8636 0.012842
0.999053 163.447 0.012869
0.985359 65.7828 0.012912
0.99905 211.054 0.0129218
0.997226 117.771 0.0129623
0.998153 137.913 0.0129628
0.999289 137.51 0.013062
0.999411 212.465 0.0131065
0.999769 546.695 0.0135076
0.995825 114.068 0.0135398
0.999505 235.315 0.0135672
0.99995 586.152 0.0136079
0.999712 352.276 0.0139752
0.999397 335.417 0.0140262
0.999866 529.844 0.0140326
0.99934 237.541 0.0140358
0.99742 90.0433 0.0141311
0.999912 571.539 0.0142991
0.999474 314.68 0.0143678
0.999989 1726.8 0.0148804
0.999643 204.569 0.0153816
0.998872 198.99 0.0159912
0.999965 1663.61 0.0160547
0.99995 733.816 0.0163004
0.999656 381.585 0.0164164
0.999918 816.121 0.0170272
0.999457 752.109 0.0177621
0.999972 1614.41 0.0180384
0.999892 666.611 0.0186468
